3 0.631510 0.256836 0.174479 0.154297
3 0.792969 0.664062 0.187500 0.148438
0 0.239583 0.254395 0.218750 0.127930
0 0.433594 0.259766 0.161458 0.132812
0 0.409505 0.382324 0.207031 0.135742
0 0.171224 0.832520 0.251302 0.129883
0 0.615885 0.681641 0.177083 0.121094
0 0.779297 0.812500 0.170573 0.148438
0 0.800781 0.393555 0.177083 0.128906
1 0.636068 0.388184 0.160156 0.137695
2 0.197917 0.557129 0.205729 0.145508
2 0.375000 0.681152 0.210938 0.133789
2 0.391276 0.555664 0.175781 0.156250
2 0.383464 0.818848 0.186198 0.161133
0 0.790365 0.272461 0.171875 0.136719
1 0.785807 0.145020 0.149740 0.133789
